1951	735	82	97
1437	373	50	68
2282	293	120	62
119	4030	649	692
1563	555	86	85
2003	280	47	45
1815	534	59	92
1205	596	67	62
0	573	73	89
1589	619	55	57
1800	369	83	42
181	579	132	72
1137	600	152	149
2092	883	165	188
460	409	65	47
1760	423	41	114
1772	824	39	110
777	645	115	111
1393	387	57	38
2451	440	52	10
525	1725	183	225
985	464	39	66
1511	529	138	48
831	523	180	155
1234	993	126	132
1082	374	29	24
684	1043	153	166
1826	1008	143	141
60	441	78	35
885	731	103	113
1494	336	69	58
1018	305	37	31
231	532	79	45
1569	444	53	40
1484	340	63	104
1309	710	88	87
24	604	102	118
1343	524	61	64
1579	617	140	105
2114	445	69	74
1011	814	103	132
1419	284	38	16
1223	419	32	19
1236	1342	171	149
1876	706	100	101
474	409	78	35
946	496	56	66
715	3903	485	625
2522	614	135	167
1503	990	113	98
1062	331	55	59
658	1218	296	338
1994	679	98	82
975	1169	154	127
892	618	60	70
1521	583	131	102
2091	1053	144	175
518	544	84	131
1411	501	75	99
1688	514	113	53
1006	976	140	118
2099	240	33	28
23	313	110	59
664	849	60	92
2526	618	56	49
149	783	101	94
1084	542	119	139
1036	585	58	61
154	191	44	44
129	834	107	79
998	188	50	28
2316	566	56	56
1169	658	115	126
1336	483	77	70
805	465	37	66
412	474	88	64
537	947	236	174
471	675	52	93
482	428	60	29
1189	608	111	56
1544	860	81	70
1874	588	85	69
2354	901	97	120
745	767	111	185
1937	916	116	107
1045	943	141	161
2171	808	67	93
262	750	83	87
746	1200	223	145
1371	4492	672	639
502	893	155	107
697	348	31	26
14	528	82	19
1653	398	43	45
1758	346	59	59
1207	444	76	57
2158	852	84	99
496	314	52	52
1518	509	76	68
1945	287	27	31
1598	407	60	68
389	592	68	63
1050	334	53	47
1879	444	39	40
1566	555	107	103
6	1761	444	437
1300	609	80	81
1086	455	101	88
105	537	67	83
1080	527	58	94
547	5797	787	861
859	1104	175	146
372	1159	190	96
369	679	82	135
1191	325	14	6
1143	458	72	124
2263	353	81	96
1625	288	30	13
261	291	37	33
967	451	48	42
2346	645	79	40
727	503	86	115
2448	1618	205	209
2146	941	182	116
1106	260	80	84
533	695	82	108
2280	594	78	45
1741	704	111	120
1638	945	129	83
1199	1053	169	138
1964	1685	213	172
1816	461	82	61
878	302	89	54
1316	750	118	78
1990	1959	303	532
323	1024	172	155
1333	802	96	84
448	677	105	135
2380	568	62	85
267	1395	265	213
1251	344	60	40
1854	554	155	80
1414	880	62	103
319	317	41	208
1403	300	27	28
1459	632	68	66
757	2954	433	517
933	670	99	175
2340	1273	152	163
535	3133	353	379
2190	473	47	52
1684	2976	278	420
1939	713	101	96
158	878	108	153
2070	350	79	57
2550	427	69	54
1850	648	145	138
2474	484	66	35
342	1707	429	330
2378	335	37	46
845	887	164	182
2145	345	49	27
1235	408	59	38
1181	210	45	55
367	785	85	85
1321	439	141	101
2622	636	75	71
665	431	37	61
403	790	65	180
362	1654	378	247
1849	595	98	121
165	258	37	26
672	815	184	145
38	683	48	89
1312	567	51	96
528	315	51	33
1875	1375	210	191
2485	344	51	62
2032	1476	165	208
1373	524	120	50
167	698	101	153
1483	808	153	116
2488	713	172	107
2459	873	122	180
573	612	49	67
1417	298	31	37
41	607	87	94
635	399	42	65
2050	2004	251	250
634	382	41	58
1744	547	58	73
117	275	43	31
2098	749	156	152
2197	605	78	47
1833	485	49	67
1810	2390	313	407
1704	578	95	99
1256	2206	284	251
677	977	175	180
1111	1839	298	419
1977	348	80	37
1572	1818	292	297
869	1102	188	134
2557	509	52	121
21	1421	227	232
2150	515	25	47
2430	618	46	67
1046	988	134	116
1433	717	94	90
700	756	125	71
838	2147	401	325
714	804	85	101
1297	736	120	95
1819	532	11	38
2610	375	53	58
609	304	103	65
1358	554	163	81
429	513	30	40
753	513	72	68
1605	589	57	62
1743	698	97	109
618	318	13	59
2031	603	81	82
1642	1229	86	179
59	399	50	53
2005	396	16	115
340	486	40	61
2117	810	60	87
1194	996	103	93
1769	1699	203	222
1727	943	209	180
626	1160	112	106
2052	2960	540	566
1686	369	11	35
2233	565	91	78
2552	683	89	88
927	484	76	40
1780	581	81	105
619	516	73	63
1012	475	100	107
509	357	38	34
1881	393	44	56
1752	530	128	89
1155	498	34	48
950	280	26	21
365	400	37	72
375	530	81	64
53	748	95	192
1015	558	87	62
510	401	46	70
1298	531	101	71
1767	431	43	22
2006	304	44	32
2309	463	61	67
1675	528	143	108
1141	1262	135	171
2303	352	153	51
2513	434	76	72
969	553	50	63
1637	1919	164	334
523	453	82	35
1096	819	136	89
1787	316	37	35
693	539	99	81
450	756	107	121
849	432	91	37
2167	838	97	63
392	458	54	36
1914	455	52	64
2530	392	100	25
356	844	55	55
1545	576	64	40
1522	808	118	86
606	933	103	105
361	855	149	146
95	378	41	37
2009	428	65	72
1147	713	54	63
1604	786	89	97
1644	469	68	49
2118	980	226	233
1537	382	42	48
906	851	93	131
324	379	50	21
297	495	78	74
1935	1436	207	219
2047	468	86	57
814	947	114	174
1666	387	33	50
1217	790	77	91
566	982	122	180
2219	301	34	24
270	525	56	51
1989	1736	196	212
857	538	125	97
2107	3836	580	437
2556	566	112	93
215	323	37	53
2621	2401	326	313
1791	625	95	108
671	416	65	92
1331	928	90	89
1864	420	42	46
1276	1415	159	241
667	484	71	49
2397	649	81	39
472	1593	378	431
732	1602	301	303
1936	1074	206	154
808	573	76	48
740	596	54	49
653	375	76	46
867	545	61	27
2407	1230	177	103
1390	1415	204	270
2081	230	12	19
898	531	72	63
2475	501	65	67
2590	488	33	62
1667	1180	170	191
370	608	159	120
2065	645	78	115
1635	1213	241	192
1152	289	33	47
1759	289	35	50
1470	1843	152	198
2536	503	34	99
527	1121	184	132
435	829	106	100
862	673	108	70
643	418	23	28
16	644	108	103
827	2517	341	295
1435	250	35	31
2209	355	40	25
1830	489	103	96
1517	460	56	90
2638	334	41	55
1427	213	19	9
1495	417	66	36
469	181	12	23
490	1496	345	379
196	693	85	98
624	446	49	58
1680	512	162	129
1307	352	49	26
1475	625	73	64
1010	458	58	38
1708	487	86	114
1848	1228	184	297
1446	1128	104	100
1465	2332	223	266
2447	499	44	45
981	446	105	106
731	805	168	164
2528	827	152	126
439	639	62	57
1869	917	172	103
1652	1145	370	404
99	978	108	196
531	719	114	142
462	1288	174	226
1000	436	58	63
755	536	103	72
1113	391	51	45
1618	305	33	44
1061	1484	128	104
1719	274	45	19
1220	930	110	104
2056	399	79	54
2421	975	151	186
2136	991	163	87
1148	231	34	38
515	374	57	39
1520	501	48	67
2620	350	58	52
769	265	52	24
2449	1418	218	148
405	763	71	68
2527	711	68	106
1633	1281	278	228
2111	452	63	28
2553	1041	144	69
1255	731	158	92
2243	2252	178	330
1308	852	108	101
1048	777	100	86
193	240	79	42
2120	667	106	72
1053	812	124	77
620	396	62	34
544	499	76	92
2558	489	75	40
726	1488	242	179
1014	251	37	27
2424	178	15	38
48	549	65	41
2281	774	166	140
2419	503	62	54
398	473	82	118
2105	382	25	38
674	336	48	45
2614	548	59	24
1306	2034	298	255
599	464	85	71
915	1652	80	111
1662	1271	219	133
1001	693	140	107
514	376	98	29
1786	921	129	128
1886	598	70	80
1797	1532	200	165
1639	823	110	103
1885	575	132	171
1183	813	136	88
2244	458	84	98
79	400	33	43
1022	1961	273	294
742	945	128	199
1972	622	84	104
965	780	131	113
778	728	75	97
334	286	40	31
2627	532	64	78
773	217	24	20
2540	605	71	115
1933	501	58	55
2308	408	50	17
1858	575	72	57
1025	453	48	56
1345	1025	169	212
733	459	84	57
1661	331	36	49
1974	332	84	33
1120	814	135	58
966	567	110	100
173	866	104	116
2094	2231	334	430
1154	764	69	71
1379	401	78	85
2157	761	125	151
271	415	62	47
1122	308	44	17
1487	520	50	79
2476	641	65	59
1175	692	77	66
306	2070	316	212
2289	523	74	92
1883	686	53	52
488	749	132	190
32	514	46	78
1363	316	25	45
2319	377	74	40
642	548	88	187
2584	779	121	120
941	828	123	86
2213	332	44	54
240	449	58	64
695	591	58	30
2238	348	50	44
900	1363	192	156
67	365	54	72
2310	350	96	48
1230	417	37	37
2129	518	100	58
1938	528	53	43
1693	679	81	65
669	394	54	53
1889	1065	83	100
2532	766	116	62
2268	374	54	42
477	421	55	95
249	552	106	96
729	771	95	96
302	489	54	67
292	392	72	96
2356	411	67	59
2265	1052	257	118
1444	524	79	53
1164	290	33	31
1943	262	44	21
2408	464	58	56
1590	566	100	135
524	392	81	87
1996	340	28	12
2257	529	136	77
39	475	80	55
1254	465	39	79
866	458	50	57
123	499	91	80
1600	439	53	30
298	587	42	55
1891	1273	121	124
2394	239	32	16
130	720	78	93
1054	1537	228	268
2483	795	102	97
568	814	117	77
1370	732	56	98
1737	1371	158	150
1799	1240	163	160
921	1749	238	198
2212	887	148	86
1404	239	59	38
794	714	99	122
987	682	83	85
1852	886	133	102
2616	294	62	29
776	438	75	49
2208	522	46	47
1026	749	111	89
2127	344	30	16
1536	606	60	84
1214	243	38	16
1504	855	133	146
341	197	29	51
655	576	136	141
1400	817	101	139
1820	304	83	76
349	303	33	28
1440	533	65	81
585	700	110	86
69	505	75	79
131	1804	233	235
31	232	11	13
2116	970	101	84
1395	493	61	77
45	797	146	147
186	291	35	30
1367	727	111	85
1763	200	34	19
2434	408	68	92
571	460	70	51
784	557	101	118
2413	368	78	41
1845	355	83	28
2517	491	60	44
1089	1001	107	106
1415	645	64	52
1439	515	64	60
641	327	32	12
2371	374	37	57
358	380	35	47
837	852	158	74
97	618	99	87
2342	780	65	51
1559	862	189	170
2193	469	66	40
1793	246	28	34
64	235	31	31
2640	516	23	39
120	1106	148	131
157	741	100	83
2143	479	70	57
1464	349	69	61
466	771	88	92
360	1626	238	275
2386	624	122	92
2409	502	124	121
1352	2677	627	516
232	1275	191	132
539	808	126	165
63	2510	459	434
1177	622	102	111
2569	780	166	178
1742	1145	129	131
1065	1055	147	133
1710	536	49	47
2543	2243	362	268
2439	577	72	72
1386	1632	321	209
988	593	80	86
2551	556	34	67
1272	1185	124	71
2273	445	70	54
2228	409	55	47
315	355	55	48
2272	566	83	66
1482	357	55	44
1831	874	183	51
1178	1656	221	266
2458	865	190	125
2617	1376	240	218
2438	763	148	155
1007	602	50	84
2181	460	75	61
2331	600	115	65
1280	629	98	213
605	668	175	86
1108	1303	148	137
688	589	104	81
659	281	21	35
172	654	66	109
2055	1297	175	134
2406	948	114	103
1668	776	109	90
385	422	54	60
2264	336	45	53
1736	374	48	45
1804	300	45	46
1038	2571	438	396
124	691	122	91
2470	366	19	52
171	1376	179	175
2330	549	93	99
1462	328	74	40
1118	586	43	98
1491	736	126	123
425	251	31	26
139	475	79	63
253	659	75	59
2344	300	33	51
807	790	132	187
1052	685	68	64
2082	301	41	26
2477	1460	179	215
1593	1327	298	278
331	897	177	90
570	732	77	75
1543	691	77	80
2560	1508	136	223
1677	853	173	183
526	1254	152	124
1754	481	113	130
1114	585	59	87
1592	441	36	36
2379	1076	124	188
1748	516	74	131
1631	933	77	130
1580	591	63	65
2095	449	72	34
1961	1318	291	178
1689	741	65	99
1479	610	47	70
1624	772	101	141
1382	879	98	140
433	654	57	77
1401	979	193	140
1610	345	45	21
765	955	136	100
936	566	48	58
1962	320	28	35
279	1362	144	140
2497	376	69	24
999	746	85	96
882	316	35	27
2410	2424	526	571
390	676	92	108
1705	2151	318	331
764	544	73	66
2112	916	119	121
52	373	63	73
1588	1429	173	78
2148	415	47	23
228	258	31	22
1409	705	108	87
1608	1094	135	130
1505	462	59	66
2030	641	105	114
1899	1149	150	180
1394	273	37	17
264	564	106	140
455	685	47	70
1953	472	108	131
944	591	88	59
2357	621	89	89
1965	1223	155	135
1560	521	79	53
1473	577	80	81
2014	500	57	73
2524	620	42	69
2402	322	29	42
793	605	83	104
1263	774	73	83
555	313	42	57
1691	844	160	65
2373	350	40	16
2343	2227	332	340
2090	467	56	40
1228	379	84	84
336	819	76	111
2480	371	51	42
1527	436	52	46
1429	416	58	46
1095	642	62	78
1140	420	63	50
195	468	64	73
2073	664	90	127
1229	210	50	52
2364	577	58	46
351	594	63	46
1738	602	86	65
767	295	34	49
2555	694	45	54
1313	701	74	65
1185	663	149	175
1227	506	53	78
1519	740	124	106
1246	660	66	81
2139	289	32	35
37	1855	466	597
559	843	150	194
1596	467	77	79
2133	520	91	105
447	496	81	84
1405	792	135	136
553	667	102	111
1670	1446	228	134
2298	420	61	30
98	467	75	49
410	569	70	88
2384	1072	172	229
221	891	137	169
2506	1635	288	312
1649	386	51	47
2468	533	52	100
260	333	39	53
204	1458	317	186
520	304	14	75
2471	671	114	116
1643	1051	228	156
848	592	107	120
989	529	64	73
1718	941	102	100
2102	634	73	102
1714	363	53	58
2147	1680	240	172
2450	1061	229	135
236	334	22	29
930	479	43	42
601	1481	271	132
1460	363	56	38
770	579	36	77
33	1627	201	156
489	304	38	41
858	562	123	122
961	294	39	32
1853	529	41	55
2285	1409	277	292
2235	477	86	104
2089	1010	99	85
1378	551	59	33
2431	3692	846	699
1715	1557	177	337
159	1811	447	351
2572	398	34	39
491	323	44	35
738	444	55	48
1856	1353	341	380
1212	623	49	111
2177	461	59	45
406	1900	331	308
832	1910	458	564
651	434	54	22
615	1638	248	325
1859	437	40	105
2398	480	44	65
2383	1160	232	153
1264	661	116	128
1584	607	120	130
2339	444	84	107
413	672	54	59
248	319	61	30
2418	730	112	106
1110	612	52	48
750	569	71	65
855	1469	246	413
1020	328	42	41
2224	855	158	197
1396	780	69	104
2549	553	72	51
1060	1331	246	267
581	387	32	36
175	371	68	45
521	725	133	154
2401	392	44	47
2478	423	89	94
1357	416	66	18
2239	369	58	52
1877	444	55	36
65	564	83	76
211	342	51	61
291	420	26	22
1958	298	54	19
2582	135	16	13
787	659	86	51
268	749	120	98
1574	737	106	78
2559	449	98	66
690	1583	279	165
420	718	145	82
1678	416	45	54
2520	345	87	50
213	1264	210	117
1630	692	126	128
1552	624	88	48
2365	339	58	60
1150	497	108	114
332	1224	177	190
1364	1327	281	214
2537	309	38	32
2288	489	92	112
2007	322	34	45
458	606	84	87
387	294	40	51
1794	387	60	23
1586	1053	273	222
1374	265	34	3
1187	759	148	97
2632	181	44	13
847	668	32	55
1709	425	37	44
1895	321	39	42
1449	448	89	69
1222	307	21	8
1582	707	91	95
861	725	97	141
2061	658	81	67
74	1002	105	145
1887	910	97	70
62	1946	308	415
1992	399	75	87
2602	537	68	60
145	474	79	94
442	649	90	62
692	183	31	82
1645	614	146	62
2490	872	120	142
2392	1588	229	204
214	858	79	92
133	564	55	54
2510	305	45	20
813	1346	151	139
1768	721	205	116
2241	759	63	91
2504	525	87	60
190	1495	238	206
2531	717	119	15
1467	876	104	102
1671	422	42	61
2518	509	55	114
1602	486	65	60
1289	440	95	104
2077	529	56	44
1911	878	147	97
2539	917	100	112
1466	1077	189	158
2060	564	48	52
1332	5834	860	860
1107	524	48	66
2053	559	81	78
1832	422	57	49
275	1031	143	148
1119	652	46	46
255	601	89	68
2512	970	120	86
1651	671	47	68
1447	529	83	114
350	419	44	66
657	784	109	91
452	781	117	119
1047	498	48	53
114	1050	117	93
444	333	40	35
2302	560	80	55
290	1498	263	403
310	343	55	54
530	505	92	111
2630	805	63	62
860	510	116	44
564	1059	81	110
1918	719	68	94
856	429	54	35
113	314	54	50
541	1467	244	228
2068	685	74	64
2025	493	43	84
670	484	94	108
1946	431	43	76
2297	570	82	77
1617	246	70	24
1827	441	57	50
561	528	95	85
470	499	142	139
646	685	106	93
481	708	134	141
2155	740	82	103
1912	365	44	28
132	823	161	168
993	1606	192	198
1034	1064	169	154
314	497	174	85
2332	561	114	89
281	1609	279	176
1513	465	55	61
2291	675	207	199
796	635	78	119
2074	1092	196	170
663	362	66	47
88	1263	208	154
417	541	76	112
723	502	65	49
610	1139	208	193
2132	459	72	35
2258	225	30	30
1690	1717	206	201
408	338	38	41
593	745	126	89
560	1484	218	194
1216	3227	539	559
1384	762	146	118
494	354	72	60
188	441	99	58
1239	662	47	56
1500	441	58	27
493	646	64	67
2163	544	69	67
572	4281	1039	1107
1813	800	70	108
1049	395	60	39
1960	444	63	57
1351	1427	197	195
61	468	94	71
2304	448	70	32
743	478	41	49
479	694	86	58
200	430	49	50
2574	732	118	102
2588	837	137	137
1751	1315	149	114
2444	746	196	111
498	622	110	91
91	554	62	55
1132	474	52	53
2486	435	108	38
2069	530	56	42
1840	495	110	127
2270	542	30	40
1525	751	187	176
384	724	70	49
1059	542	43	54
280	300	35	46
140	786	62	74
2106	399	46	91
2376	756	116	105
87	844	107	101
1260	810	124	139
1131	421	65	47
1445	625	57	82
1656	778	138	170
1093	563	90	67
2230	811	161	205
1607	626	80	73
1541	1610	536	518
1102	7461	755	1110
2277	296	20	20
2196	2086	327	143
2085	560	56	73
2404	928	128	108
73	539	64	86
1406	1463	206	167
2016	840	143	154
363	3044	175	353
1471	598	90	72
2170	387	55	48
818	453	84	71
1795	258	51	20
2335	1021	426	208
583	278	33	67
394	531	62	140
2348	363	26	37
1330	325	44	39
1806	348	25	20
1153	614	144	78
1930	803	104	214
1934	1006	116	107
1863	517	31	107
2242	705	98	78
2566	1905	373	248
1377	835	130	114
207	764	110	122
2237	365	25	60
288	943	92	82
1201	256	45	28
1669	210	29	25
789	496	61	68
2565	1130	176	228
562	384	21	27
1967	362	28	58
2253	871	160	105
1510	1168	127	133
768	248	71	40
30	386	37	50
445	245	63	22
2548	836	151	144
592	443	120	39
932	1202	248	286
1285	122	14	13
2496	722	65	63
1968	907	115	117
2391	935	91	82
2516	575	57	83
2046	343	50	39
2207	646	122	138
170	254	40	22
1916	501	118	150
93	1114	208	238
507	613	72	84
1925	384	53	55
2203	868	76	117
303	513	76	135
1546	609	76	77
1424	710	118	137
151	402	92	64
1676	492	88	102
40	482	21	108
2427	655	105	80
2062	575	70	58
687	467	46	38
1562	821	137	166
2350	583	77	66
89	1535	281	249
971	2492	298	347
1434	656	74	91
1486	455	33	53
2048	658	57	77
1348	617	64	59
719	456	82	93
820	324	39	36
2255	717	74	64
446	505	55	61
344	3836	634	702
1443	423	119	53
1242	248	56	30
1927	763	134	71
400	402	63	79
1599	701	94	84
640	574	26	27
227	596	114	124
1488	319	48	38
532	1459	199	199
548	722	54	67
1581	974	125	81
627	346	61	20
278	538	75	49
153	372	66	70
1360	1340	192	170
2234	582	135	137
2183	529	97	80
903	566	38	92
595	326	40	46
2054	1167	289	184
974	397	85	79
1775	351	40	26
1067	981	113	119
2247	315	71	28
2232	1397	251	241
2604	1029	193	226
1159	637	68	31
1549	1504	217	222
2295	412	70	86
55	1025	101	112
2547	631	76	72
2589	339	52	20
2300	459	38	58
2315	297	50	36
2414	744	40	125
194	561	115	52
82	379	40	68
2428	545	90	74
2580	803	96	100
2023	302	42	28
916	842	119	86
2172	697	130	158
2168	924	104	144
2066	1124	147	189
321	277	25	19
2045	335	47	55
1202	563	112	178
1138	488	111	50
2484	361	78	41
2214	434	56	73
191	292	35	38
2359	438	75	69
1576	1639	151	102
1861	949	141	66
1821	1230	146	118
1073	645	173	114
1784	1047	143	208
1766	764	89	82
134	65	0	0
1534	401	41	49
2325	563	63	74
250	635	78	61
1170	1131	132	167
1335	755	166	108
346	735	100	93
2223	813	152	91
1655	698	95	89
122	504	97	47
161	520	99	64
850	729	162	141
1304	687	97	81
577	1428	257	279
189	445	116	142
1890	1390	139	88
2628	1119	152	126
1098	603	96	72
2	336	58	58
2564	679	79	74
141	393	88	68
353	1241	240	218
1237	586	177	137
1058	880	242	179
2562	512	135	139
2017	615	184	136
815	1601	278	365
660	1026	148	143
1071	1270	117	71
309	1402	123	140
245	828	144	132
2156	309	77	20
1485	296	50	53
699	329	33	41
203	564	101	77
2473	680	162	133
1991	252	42	40
2494	363	40	61
1971	486	112	87
1490	600	84	74
464	789	164	151
791	285	60	25
1248	712	118	146
147	674	118	104
237	1376	154	150
2523	385	57	22
554	228	0	19
391	855	84	140
2269	420	69	57
2199	363	48	58
431	353	34	25
785	1031	169	127
889	535	87	63
1515	1219	200	177
43	253	24	24
1508	1453	289	207
1340	325	30	37
1192	1020	204	159
2327	618	71	69
1027	541	75	61
2182	811	122	92
463	602	112	118
2096	475	90	88
168	431	74	80
648	653	86	99
1713	1067	233	179
104	234	19	72
958	401	67	36
2128	322	4	13
1843	506	42	47
644	442	35	57
1844	374	76	68
106	625	103	95
497	1182	190	196
709	797	84	72
1940	685	93	79
1249	2185	333	165
121	2569	419	340
2509	820	133	164
1125	2029	308	337
994	422	84	66
894	85	13	24
13	601	53	73
1723	438	81	49
380	242	72	68
632	447	53	44
2022	510	55	85
1388	520	74	70
2078	1112	140	157
1193	1389	232	280
2455	532	74	89
1356	650	75	73
625	523	69	30
2278	513	104	89
2195	327	61	30
844	456	74	120
1782	320	39	55
1211	754	42	54
717	605	67	53
800	385	58	61
1731	641	122	103
2191	170	34	56
330	462	62	54
2336	465	87	39
1539	2020	506	575
284	1222	225	258
2571	518	63	40
478	437	16	11
1629	558	108	61
1603	491	84	93
272	405	42	68
2000	343	59	43
913	726	114	149
1173	1189	133	102
1253	559	125	76
378	437	65	47
241	361	68	49
1033	433	68	79
317	447	39	42
1627	243	28	33
1362	2313	505	507
1160	612	100	64
451	527	81	78
596	716	145	110
1749	961	151	63
586	364	28	45
579	893	137	191
824	378	55	59
2063	932	137	163
395	249	19	24
2542	567	78	50
1008	336	54	35
756	495	87	66
1477	863	116	100
1442	1224	116	147
1868	335	32	62
1818	756	99	143
2035	971	175	158
2188	524	37	45
949	1520	186	232
1323	561	86	72
112	545	76	73
1646	856	167	156
1219	254	55	15
205	686	149	68
842	370	80	20
722	540	51	54
1407	438	85	87
1932	588	75	75
1999	806	109	122
881	938	57	43
2192	790	87	120
383	453	125	108
829	712	127	183
2103	866	129	109
1055	428	68	37
2221	370	39	46
1116	298	46	37
799	354	50	61
1910	735	79	80
588	361	37	26
246	669	81	74
1542	371	62	47
1493	524	50	60
1456	2405	315	361
834	794	117	69
1855	815	155	133
216	319	57	32
708	774	59	62
1115	629	109	101
2489	950	119	183
1448	781	154	138
2154	560	74	80
2328	483	69	16
638	968	135	124
2491	776	164	104
2040	733	93	105
2185	661	71	41
512	396	46	57
880	346	34	29
2101	319	37	32
2276	312	44	29
1258	444	51	70
1920	1560	74	82
1081	287	24	35
749	532	70	62
1623	220	25	27
28	542	108	128
56	753	90	69
2198	487	93	76
780	616	129	33
536	700	105	82
2144	554	98	77
2100	667	99	70
2317	277	41	36
1117	495	70	40
594	667	65	39
1694	572	93	106
575	276	38	20
338	598	120	78
1941	1088	134	173
980	768	167	158
373	501	121	105
282	419	81	92
274	659	62	40
1884	1058	143	183
2124	316	78	25
621	355	48	14
305	621	115	155
1277	263	38	32
2159	2350	240	272
2227	337	21	60
1697	472	60	88
2514	626	80	74
2445	695	107	154
2576	1290	145	205
485	431	39	35
772	271	43	19
437	257	43	36
779	425	53	14
1247	586	68	84
683	853	142	110
2465	1633	268	416
590	579	67	88
736	710	90	110
1463	390	56	75
2337	633	69	76
1376	597	117	95
1575	1144	175	180
608	950	121	120
2131	633	185	166
3	603	50	56
225	394	34	47
22	2711	365	356
2064	799	134	85
1862	6099	654	361
421	1380	307	254
1982	791	82	95
107	337	29	32
2041	522	53	47
1753	509	80	121
1785	384	95	101
2519	574	101	77
2637	389	47	37
1872	426	32	56
467	486	90	100
296	501	70	67
1523	1164	238	181
840	638	77	57
2511	262	22	45
1265	724	63	39
1213	1765	289	352
492	2583	256	341
919	2141	192	313
549	920	155	130
1133	525	78	92
1803	386	75	56
1226	338	38	27
2259	477	60	66
77	765	83	115
1412	532	73	72
459	541	36	43
66	669	118	47
2113	403	71	29
1190	2435	368	412
1609	422	62	38
11	474	90	69
243	683	109	148
1066	368	51	60
1124	473	28	46
986	273	9	8
126	710	70	100
1197	503	65	64
1578	425	80	68
1747	624	87	145
1279	316	78	34
1100	324	67	64
20	585	56	60
1976	753	80	57
1571	386	205	142
2429	630	91	88
1955	505	61	48
905	263	42	26
908	1232	276	279
804	276	40	44
443	449	54	77
1474	584	112	100
870	565	73	80
101	1808	200	269
508	1384	224	212
623	532	95	87
1681	493	63	84
2126	410	68	101
320	640	69	73
1200	377	61	63
656	1264	274	236
208	459	80	53
368	555	78	65
816	712	74	76
374	770	144	178
645	1557	218	186
2393	2147	285	335
17	980	92	115
1538	643	52	94
2545	883	149	188
2461	548	107	72
424	902	89	151
1290	560	89	61
2109	347	29	43
2026	740	124	64
1880	420	72	68
1516	1985	248	335
1416	508	72	81
2038	686	100	78
2441	1043	108	127
418	586	61	62
843	499	47	71
1696	595	74	73
1506	301	23	33
2388	382	36	39
542	645	64	59
970	448	72	63
1824	595	125	207
1438	1283	347	256
397	604	77	67
1198	223	37	45
81	349	55	60
1292	1314	203	231
598	258	25	20
1654	935	145	118
2044	289	25	41
1457	6832	980	858
1469	845	124	112
1801	679	71	130
2249	635	87	71
1915	605	117	58
2189	779	74	37
427	987	143	175
877	1082	163	215
2321	1130	217	229
1597	621	73	57
1973	534	144	103
703	1223	175	174
1732	747	114	110
235	560	81	142
76	793	65	91
46	204	45	15
283	687	77	92
1975	551	79	41
1135	176	14	4
1550	270	59	7
379	519	38	66
1882	1013	193	194
197	1094	210	237
781	334	39	56
1496	566	31	67
327	613	91	75
1776	399	74	50
178	1207	192	208
1130	342	50	21
1779	698	92	114
152	357	76	75
1740	539	74	44
2205	511	52	45
2577	1526	280	438
1789	1387	174	282
1908	795	93	137
2020	1290	201	170
1658	321	39	50
1926	842	64	96
1273	430	88	66
934	414	76	72
1105	657	123	127
893	557	51	73
316	285	53	24
2034	270	54	54
2568	379	37	51
2535	626	118	154
737	614	123	85
1030	506	65	58
1851	415	64	37
2374	242	75	64
2015	712	109	62
1426	2101	395	451
1860	799	185	75
2352	380	75	48
2593	885	157	132
1139	305	32	44
1746	370	57	39
436	1125	201	204
2121	778	92	56
2561	2593	330	322
2403	458	118	147
2287	1000	163	151
1540	413	83	30
1771	652	79	61
50	829	106	102
1068	739	53	69
1984	623	112	117
1031	1402	287	227
754	451	69	66
187	1271	245	224
1145	512	83	68
2311	505	102	53
2481	795	101	130
1215	296	34	24
2586	682	106	96
25	439	74	53
4	1642	218	269
1679	595	106	101
1250	874	122	135
611	775	164	69
940	524	65	92
909	571	49	48
1981	472	53	65
2607	394	69	98
386	787	86	94
2059	597	115	77
545	628	77	93
1783	460	75	59
924	1155	174	137
1857	974	129	144
128	1113	146	150
2256	606	107	42
725	582	56	47
1873	859	116	120
1078	448	57	40
2231	524	82	142
137	1125	174	173
26	601	81	107
716	840	142	176
701	363	28	51
1359	798	238	242
1196	690	92	87
1665	360	48	30
1724	470	45	40
78	720	70	65
1817	505	76	72
1315	412	60	114
1547	1063	96	123
748	994	118	106
1288	444	71	100
1829	593	67	61
887	278	36	36
2623	1157	147	130
150	333	42	54
1894	466	76	109
1507	359	24	49
2021	538	79	97
963	431	70	82
2641	752	121	116
2225	1041	98	145
1076	382	46	53
1319	485	83	93
682	893	69	78
1628	300	53	48
2037	997	105	190
1512	772	96	87
7	409	65	105
2299	1059	159	116
473	637	56	73
1587	380	18	23
345	1024	131	126
1275	574	25	73
1283	328	24	26
1274	635	63	51
2153	596	52	92
1337	511	152	87
1210	569	62	75
256	783	92	116
569	732	87	71
2305	210	33	20
2218	567	10	18
506	1237	162	189
1480	345	24	30
110	264	22	39
1322	739	66	87
841	508	67	48
1922	294	71	84
872	575	48	42
1778	358	48	63
1398	318	33	18
1557	231	50	83
2599	364	86	70
1149	472	39	17
1814	344	24	39
2492	1301	268	222
2250	775	157	93
505	493	39	82
968	663	66	73
918	440	76	56
705	4375	668	707
1408	774	66	130
80	2010	268	339
1129	1290	161	135
277	1282	195	259
1165	385	86	54
2283	710	111	111
501	522	114	151
2452	621	43	42
263	725	106	89
212	389	86	31
673	390	40	45
2546	456	111	30
135	630	60	67
972	1232	146	127
108	496	61	58
996	899	140	141
430	891	157	163
1134	2312	501	397
607	1016	117	131
1206	524	85	77
1730	604	88	141
163	227	51	95
265	425	56	41
1993	651	89	69
1621	519	93	63
2436	525	25	32
1104	232	17	28
2544	1261	179	134
938	333	57	73
865	335	56	71
1339	1498	223	257
888	266	18	70
2083	595	86	74
1492	833	131	80
94	557	76	95
2097	1423	139	122
896	527	88	59
1361	470	91	104
956	410	89	45
1978	455	48	70
404	467	67	67
783	610	89	116
978	489	92	115
2502	632	76	32
1161	949	138	164
1944	750	78	63
138	944	200	116
276	715	110	87
1387	918	100	179
534	280	49	28
1146	510	96	37
854	1123	131	155
1556	430	88	48
686	485	68	55
982	1116	226	149
75	337	56	45
2605	644	116	111
2251	456	67	101
1595	935	100	86
1184	1091	125	152
2609	535	70	70
1094	412	78	47
836	447	55	50
556	762	147	98
1905	562	37	57
1796	759	40	67
2058	392	77	108
2314	405	89	45
1664	793	91	118
758	537	81	15
1399	737	123	127
1023	395	60	47
2184	479	29	50
550	326	42	39
295	723	123	83
1601	462	61	39
174	1282	160	132
1591	297	42	28
567	617	80	68
2338	2560	326	320
702	492	113	38
603	600	86	26
1244	944	110	76
209	716	112	82
233	734	82	162
1867	387	46	35
2140	536	61	86
1303	424	34	54
1418	358	49	39
2618	865	112	106
44	516	54	41
2125	609	51	60
1825	2803	373	344
85	587	41	54
476	284	30	30
935	1698	212	237
1162	386	37	17
873	251	22	28
2149	165	30	19
1613	604	80	69
51	369	82	27
1706	697	130	151
2043	234	55	17
1957	172	20	5
1421	1749	255	231
1798	388	81	96
2201	687	119	153
2176	562	71	31
480	371	33	56
1296	819	95	116
811	579	58	41
286	357	40	26
36	745	106	67
2067	431	81	49
155	374	60	15
1674	4716	461	591
2220	475	47	61
728	385	58	76
2412	420	30	39
2326	397	51	51
2341	493	68	67
71	852	135	138
1660	1482	275	300
2088	676	203	174
1070	452	58	53
2152	539	137	175
622	410	66	81
884	2361	274	375
1703	213	65	26
2583	283	25	31
911	893	167	128
1733	566	89	112
1278	968	72	101
1301	288	42	31
1243	702	137	93
1383	419	39	31
9	706	228	161
183	601	97	72
475	473	19	27
2115	358	43	34
2521	1592	245	214
812	378	59	65
2057	380	23	34
1035	575	96	145
1128	1843	525	589
991	591	66	84
1683	552	96	86
546	658	77	77
96	263	45	20
2433	947	109	96
1828	801	110	111
239	1069	111	114
1262	752	61	132
1811	752	86	93
1368	1002	165	175
558	621	78	120
1846	513	105	84
1620	480	72	57
751	1970	368	316
2453	268	30	40
798	849	152	94
617	463	82	41
2595	1010	138	86
810	506	37	75
890	563	60	72
1952	263	38	24
333	891	85	108
2615	784	110	177
2028	1348	139	124
760	1216	146	185
1179	848	118	154
1294	1252	179	176
540	788	127	58
169	992	125	178
2240	437	39	66
1985	891	187	290
343	1215	165	176
1056	894	118	146
2275	1229	154	180
2390	419	56	83
1878	368	44	33
146	603	61	102
285	1835	317	370
2633	847	78	109
721	593	91	79
1702	429	65	37
2631	433	80	58
210	781	148	87
2625	1375	194	186
2578	732	21	93
771	283	16	6
457	377	63	45
1959	1623	126	131
1458	253	63	57
2013	422	84	78
2027	767	79	82
19	416	38	75
1259	1327	274	269
937	723	85	85
1695	268	68	19
1287	1016	104	126
2358	666	87	124
2222	680	118	86
238	829	157	141
945	834	87	63
2290	552	39	85
2119	590	43	29
266	803	120	105
1327	2073	239	257
1533	566	46	75
2186	408	76	43
83	956	108	134
2479	672	76	75
1838	249	43	27
2110	454	61	51
201	766	189	96
184	368	47	35
1564	366	67	62
821	1114	178	239
2324	1847	222	288
1762	391	75	51
1866	620	75	94
1392	499	46	89
1835	1517	130	102
668	1455	249	243
1090	539	62	74
902	592	89	87
852	252	31	31
819	447	58	32
992	1459	289	151
863	314	26	53
347	358	51	81
1123	1120	140	149
1924	424	50	47
662	433	73	72
1535	397	35	57
2252	396	91	115
1636	217	22	20
118	718	181	97
92	344	30	59
897	3983	728	564
511	690	131	95
1898	549	67	115
72	389	68	41
551	647	99	38
2292	405	34	50
1672	670	59	75
1293	695	82	84
1530	2235	391	342
313	1520	249	225
414	2155	380	302
1555	298	68	55
206	1121	218	195
1037	293	55	23
1291	931	129	79
1963	768	86	87
2423	793	106	113
1970	534	90	101
382	2110	310	308
2002	314	46	47
2080	428	98	40
1353	827	154	129
1302	628	61	32
901	645	102	58
953	502	87	42
1174	1363	224	280
2612	1112	209	187
218	4888	650	955
2368	483	53	39
1472	550	77	78
2123	881	61	104
1765	489	79	76
1942	223	42	34
1906	973	169	179
1375	450	74	68
415	224	24	34
759	747	112	114
142	715	132	187
1075	462	77	47
465	1126	185	191
846	856	127	98
1019	516	158	49
1648	615	135	179
2597	841	82	100
788	278	26	30
300	1035	142	180
1088	389	43	38
1432	1406	186	170
543	763	132	124
2329	704	68	90
416	1592	276	206
1261	510	130	60
591	650	66	118
2161	566	45	51
1948	1611	424	207
499	322	37	31
1865	825	159	132
1871	618	97	70
311	708	66	96
1166	362	116	110
973	1815	224	269
990	696	81	80
47	721	83	73
1097	593	80	85
730	488	52	75
1497	623	71	52
1092	892	125	124
100	495	64	71
1773	299	56	44
947	336	53	40
68	732	118	115
1314	434	37	49
661	1927	317	294
1271	544	54	63
939	562	62	67
2248	1776	359	309
1346	494	74	47
803	721	137	83
1790	1046	198	187
652	757	152	89
1808	3450	472	782
1554	1090	130	263
495	435	47	80
839	545	57	76
1051	553	95	67
1567	558	82	89
244	914	99	64
580	298	29	55
1085	365	68	105
1947	514	104	23
1532	182	43	43
2174	850	69	115
1901	270	18	88
399	374	40	43
1428	379	80	91
1326	930	73	117
402	477	57	31
1929	1748	184	336
2079	1351	229	128
1774	340	38	27
1721	1747	213	230
2400	287	54	2
1509	3156	493	614
1318	235	26	29
920	938	128	120
2200	545	100	84
724	405	160	117
423	674	84	64
1481	556	69	66
2108	760	107	220
2611	1345	150	246
2261	1016	133	86
2422	1134	178	236
706	554	69	73
2624	1214	126	184
35	485	46	47
217	449	67	66
1347	352	55	100
2541	1335	265	265
2036	303	31	27
359	704	60	101
234	1045	190	259
2075	297	17	22
1063	953	154	143
1735	685	183	120
2454	578	69	80
10	615	109	125
2322	690	66	53
2274	633	101	78
830	729	72	89
602	1513	184	343
1788	626	67	76
817	751	91	66
1528	676	78	96
229	2936	445	417
1077	454	58	62
1954	554	74	58
202	572	70	53
2071	500	78	59
710	245	32	36
1043	1132	199	200
1310	549	79	37
1099	1255	189	75
1397	334	33	42
582	578	95	74
874	944	146	140
1909	1135	242	249
487	297	49	82
376	991	142	150
828	681	65	65
639	338	37	27
58	480	72	68
1195	598	130	138
1324	292	39	26
1805	1637	216	189
1498	439	39	34
1028	550	29	52
2554	693	118	88
2529	631	92	91
2175	385	73	57
2051	316	46	29
1950	644	63	86
2417	438	61	51
364	1836	297	216
2464	861	64	71
381	447	55	64
86	1058	97	128
2462	281	37	32
352	564	52	71
2482	774	197	147
1565	547	76	59
1619	406	65	27
1616	654	87	70
914	358	32	55
929	283	50	29
2301	1573	263	236
2353	288	53	35
1502	294	53	31
2018	970	147	112
337	877	85	130
2442	612	61	55
2323	501	69	59
942	514	31	72
1548	660	122	103
2254	368	66	56
329	964	172	118
597	1034	168	252
1299	403	37	100
2585	631	72	88
1074	430	66	46
1755	1588	215	186
647	307	30	35
2008	254	23	33
680	733	129	74
1168	368	48	30
2271	517	93	57
1286	1545	294	466
2639	343	44	52
2362	481	60	73
1931	412	68	119
1188	744	116	124
2634	378	62	41
912	602	117	134
1823	1062	221	148
325	1083	164	132
1369	2259	281	285
1728	618	67	68
1224	340	46	48
1391	388	57	57
357	1356	262	266
713	651	188	144
1836	265	52	48
1366	301	38	43
461	668	116	143
868	247	65	31
2160	983	150	178
1002	261	52	12
192	454	23	0
1338	565	68	184
1501	453	54	29
143	706	118	161
563	582	42	39
1524	1187	263	138
604	502	84	77
2306	716	82	105
2333	321	59	26
2405	706	142	107
538	706	180	149
254	914	161	158
1203	1400	176	181
1698	394	66	30
2538	557	56	41
1634	772	143	160
955	383	59	41
629	306	24	33
148	528	82	67
2266	564	87	98
2507	398	102	91
1334	728	197	90
1870	764	105	88
1834	455	45	49
853	412	106	41
2187	668	79	69
1626	796	137	139
1410	411	60	75
2202	352	30	37
1725	448	47	39
2457	2092	265	328
287	918	200	208
1295	487	153	71
1436	756	107	151
299	469	87	59
339	1566	192	168
328	1864	289	225
2381	533	74	30
835	683	109	126
1041	403	46	46
747	1918	245	343
2600	335	16	57
711	645	136	147
224	734	131	114
1454	411	54	9
763	804	54	58
2151	408	86	91
1892	483	66	65
2019	448	34	52
1770	1432	321	221
741	747	107	78
2389	479	49	23
1919	1354	141	127
1476	1029	143	148
220	636	65	68
1726	297	31	57
613	585	107	105
2260	614	93	54
925	374	61	52
1344	821	91	76
2179	696	67	115
2495	970	165	118
1900	863	90	66
2415	1069	129	106
1809	971	259	274
1888	768	69	71
678	379	59	63
1682	452	62	60
198	816	81	110
1282	1883	243	327
269	1034	150	176
1232	173	64	16
1452	642	170	117
289	334	27	45
552	708	150	129
409	299	57	33
2029	6697	708	782
959	312	37	23
1979	730	202	149
2435	641	174	119
612	598	86	75
2246	660	114	103
486	496	69	37
54	676	66	63
449	1066	231	206
2049	582	146	167
335	1148	198	172
307	615	83	83
2086	1283	93	97
2377	380	51	53
1907	433	32	44
103	418	62	77
2245	511	49	52
826	269	50	30
1241	299	63	27
1021	460	108	120
1720	708	142	62
2211	226	29	48
1514	615	86	28
1764	804	115	123
1171	447	17	35
136	1790	217	228
1151	642	79	60
1468	363	33	34
954	375	33	47
2498	889	167	147
1311	680	54	82
1024	847	137	212
2425	638	61	37
1558	358	62	21
222	1641	256	212
1157	546	52	83
166	149	6	10
1355	538	69	63
2525	731	142	75
1903	680	117	76
1420	329	61	45
922	420	60	51
1389	742	84	109
2039	423	68	45
899	1289	228	171
790	779	77	44
2134	4267	589	398
983	578	114	97
2204	594	97	81
666	292	62	43
707	695	125	120
312	468	100	82
2164	412	74	69
1673	472	51	76
576	1091	188	205
1422	463	53	31
1238	560	158	80
574	2519	307	349
1716	650	201	142
438	1070	131	120
926	525	49	74
2215	1400	301	142
1659	267	43	29
2372	829	102	63
2142	602	237	86
18	420	102	80
1305	280	42	28
766	380	142	191
1329	348	58	42
2313	229	35	13
2493	444	86	45
1270	832	171	193
801	858	135	124
1729	3726	348	389
2466	352	35	59
886	572	87	50
1186	757	93	83
419	461	87	149
322	1001	122	92
27	1521	266	132
633	697	108	69
1450	636	51	65
251	463	31	41
247	386	65	41
1320	529	82	75
795	343	58	34
1606	330	56	52
2437	652	60	82
354	944	157	128
294	244	19	8
1032	478	53	39
675	627	119	76
219	1019	108	95
1807	1861	195	188
2345	1518	310	218
578	1018	149	103
1423	607	90	91
2004	357	56	60
29	557	102	129
1381	565	68	103
752	728	144	78
176	1451	184	225
2084	635	46	38
2396	588	61	50
1822	766	79	145
2387	469	148	119
636	282	36	25
432	375	56	31
2162	1478	242	156
2515	505	33	51
879	488	60	73
1017	608	79	117
2135	732	111	128
2262	442	49	34
371	799	118	130
977	1789	293	218
1144	1040	38	90
1009	723	136	106
2581	400	46	41
2567	859	123	124
199	458	67	54
1707	285	51	61
127	687	104	99
2579	276	37	58
1594	343	75	26
976	534	83	81
904	905	82	150
1499	509	46	47
1029	650	82	45
2456	1043	172	199
230	477	31	43
1781	350	59	63
979	647	75	99
2399	824	159	173
1180	439	29	32
1413	518	64	65
2001	446	61	49
1240	1184	222	156
513	968	128	131
1380	500	70	44
84	333	18	13
2469	173	30	16
1176	588	74	44
2360	367	122	93
2613	485	83	59
318	361	62	47
1342	617	87	45
995	489	66	70
2093	433	69	60
2267	534	101	73
1966	625	121	127
1057	380	37	39
2594	633	83	78
774	220	33	45
164	359	56	33
2446	597	102	111
2361	1390	144	167
1757	618	158	95
654	320	63	41
875	455	69	42
1245	461	57	68
1461	1634	194	294
2382	569	89	53
1231	586	135	58
1699	907	164	191
1995	2683	344	332
718	542	76	93
2130	638	198	181
943	176	36	28
2587	375	58	30
2042	705	78	104
393	561	115	49
8	1265	189	207
1269	540	89	115
825	309	55	32
1717	664	94	84
1252	448	55	63
2570	760	106	111
948	397	79	57
1573	550	44	21
2575	1317	201	233
1281	292	32	24
1430	923	169	175
616	296	59	44
34	742	58	103
2286	766	113	55
1553	687	121	131
1127	1224	110	109
2626	291	26	37
2501	279	35	31
2601	782	81	99
1136	683	51	60
1478	934	175	159
529	540	56	87
782	587	80	55
2606	800	95	91
42	591	55	67
1902	404	54	47
2563	704	72	120
2508	400	67	22
952	832	138	120
689	1362	189	178
2012	534	73	95
2603	638	57	82
70	1438	162	117
1949	679	108	104
2076	289	62	41
2467	725	70	79
441	2020	231	202
2141	529	35	61
1986	1675	177	259
1640	324	26	23
589	311	37	33
1812	1304	163	128
809	1397	172	168
1701	314	31	25
422	618	80	111
2443	510	68	82
1997	1381	189	224
1083	387	48	50
293	1050	116	109
910	759	66	134
2334	583	121	76
1317	531	116	115
895	395	41	95
1614	295	48	37
806	4352	549	829
1284	467	13	38
2367	951	94	106
242	612	112	116
565	2074	466	363
102	724	103	102
1341	441	100	99
792	467	33	36
1455	394	57	56
637	397	68	16
744	211	40	21
907	506	45	18
739	491	131	118
2169	488	52	60
407	256	29	22
1431	376	66	60
1182	921	155	213
2591	1997	210	519
2210	221	15	52
2505	2234	295	364
259	465	95	85
1441	938	101	126
1039	1041	228	175
2294	473	57	40
1585	330	12	38
1072	527	74	44
1969	430	57	49
1266	2180	228	185
1079	645	101	128
1158	1362	197	152
761	562	245	274
2137	712	84	94
1734	664	97	90
388	457	46	111
1980	316	66	67
1632	529	114	125
1583	612	59	90
2226	481	17	24
2320	879	149	96
734	384	40	31
1529	8566	1249	1284
57	321	25	57
630	938	60	79
2440	1022	38	69
116	589	100	93
891	453	46	136
698	391	32	33
2312	936	120	215
1126	466	70	39
1897	309	29	10
5	273	31	59
1761	453	22	54
2355	2029	150	156
1526	836	99	124
1385	570	59	53
2460	346	68	97
2072	1131	168	110
1792	458	56	64
1841	535	91	105
1267	643	84	79
2229	420	69	62
2363	1039	105	100
1896	397	43	70
454	474	141	124
428	551	79	62
2619	745	140	128
1987	330	114	48
1622	525	145	151
1142	199	49	41
2349	499	55	50
1839	453	84	70
1842	444	57	26
1402	510	66	80
2370	547	58	75
1615	1577	290	298
696	567	139	111
960	688	133	117
440	2851	288	376
1451	745	190	112
223	474	86	132
1013	493	61	101
434	231	25	39
1489	284	38	23
1221	616	76	93
1069	1030	179	135
156	739	107	102
2573	406	45	65
456	347	44	53
1233	566	93	80
1551	1856	193	262
426	480	66	79
1847	757	114	199
517	439	84	31
1917	629	76	68
90	1191	102	135
1663	592	75	44
951	431	24	34
2369	374	45	30
614	391	52	59
1561	598	44	89
1003	1615	215	272
355	1537	277	334
1756	657	205	134
1425	541	127	149
864	315	25	52
257	603	98	110
1711	380	62	60
49	320	36	33
522	688	77	55
2178	1089	96	109
1101	982	202	93
2598	1633	213	239
1612	663	62	81
2375	539	30	65
2011	660	125	61
258	246	59	50
125	1416	183	240
2216	408	57	48
1893	547	62	162
1208	739	126	53
453	281	29	40
396	309	32	53
1325	1866	250	302
2347	3301	574	575
1988	519	100	105
503	981	381	250
160	464	50	36
1904	1528	235	314
484	892	68	84
185	1746	208	293
584	1078	182	179
1956	541	77	94
2432	546	64	64
1928	901	169	183
2217	909	102	106
1739	1192	174	163
1802	482	70	90
2629	921	211	247
962	937	95	115
2500	799	120	115
1687	674	131	109
2472	1794	309	170
115	367	57	27
735	688	105	77
1040	275	33	20
2236	392	60	44
2165	1084	215	120
1064	415	55	55
182	1108	153	136
679	635	70	86
1091	336	60	45
519	859	150	152
308	488	31	26
694	367	45	48
411	511	64	59
2411	2080	301	195
2087	801	279	292
2366	540	78	67
1923	847	180	167
252	463	73	70
1568	589	66	45
483	635	57	81
1657	368	41	36
587	450	82	66
2033	1035	155	61
2293	428	51	71
2138	589	67	66
1777	238	58	58
1156	1228	170	178
1225	435	60	59
1913	370	41	47
1004	565	74	74
1042	711	79	65
2487	584	61	82
2284	334	28	30
1087	359	38	34
1700	783	80	78
2503	556	74	77
301	885	114	96
2307	682	93	135
1745	545	86	137
1641	622	87	137
401	532	44	22
1172	353	68	70
1163	335	51	42
2416	454	82	26
326	1109	222	216
2534	340	43	27
964	583	47	48
2166	1218	228	152
2122	818	95	108
917	546	90	90
1349	735	89	120
1750	500	72	148
2104	668	74	119
273	624	56	81
691	2075	293	315
1531	1348	270	214
1268	416	43	57
600	241	71	21
348	4162	552	523
1109	1245	197	176
928	306	34	54
516	326	35	41
2351	991	64	72
2608	1765	351	267
1921	867	42	53
111	1055	127	155
650	529	65	70
1685	323	113	74
775	793	66	66
468	505	60	49
720	2808	371	290
557	728	89	76
2279	683	82	63
823	758	74	64
504	759	106	113
1121	674	70	91
304	566	73	65
2636	554	80	81
2173	424	90	22
2385	772	97	107
984	335	69	36
1570	145	0	36
1167	498	54	77
883	462	62	84
712	2197	328	341
1	994	108	134
1103	791	149	53
1998	391	77	23
1577	573	84	60
180	708	159	163
2499	408	73	62
2463	438	97	91
1204	3637	447	407
1372	571	98	101
1209	642	82	66
2635	944	105	94
786	1050	180	149
802	2082	304	181
1983	479	71	40
2180	262	23	55
2642	391	53	55
15	509	49	83
2194	364	36	55
366	591	94	77
685	700	109	127
649	640	51	81
681	952	104	108
2533	1109	283	381
1692	579	43	40
2318	486	59	66
1647	1614	333	415
1350	248	46	77
2420	910	140	87
997	659	286	318
876	214	16	13
177	322	51	21
1112	784	122	81
797	547	97	55
957	630	117	90
1365	846	100	139
2010	793	107	103
179	398	71	36
109	551	72	65
1016	827	204	113
144	795	92	115
704	684	79	74
871	749	69	99
1354	214	45	31
631	731	65	61
1044	299	26	34
822	453	55	54
162	877	160	122
931	483	46	36
12	614	101	88
2296	486	61	42
1005	650	49	58
1257	277	30	32
500	278	33	33
1650	1975	198	197
1611	324	38	28
1722	444	39	45
2206	554	54	37
1453	1143	193	204
226	722	92	76
2592	259	21	31
1328	793	85	113
377	488	35	59
923	608	108	127
2024	1040	154	126
1218	828	114	131
2596	909	87	79
1837	466	47	117
762	747	101	113
851	819	91	93
2426	590	87	77
2395	815	134	137
833	1058	185	177
676	184	49	32
628	483	37	32
1712	613	84	80
